,petal_length,petal_width,class
0,1.4,0.2,0
1,1.4,0.2,0
2,6.1,2.3,1
3,5.6,2.4,1
4,5.5,1.8,1
5,5.1,2.3,1
6,5.1,1.9,1
7,5.9,2.3,1
8,4.8,1.8,1
9,5.4,2.1,1
10,5.6,2.4,1
11,1.3,0.4,0
12,1.4,0.3,0
13,1.7,0.3,0
14,1.5,0.3,0
15,5.7,2.5,1
16,5.2,2.3,1
17,5.0,1.9,1
18,5.2,2.0,1
19,5.4,2.3,1
20,5.1,1.8,1
21,1.2,0.2,0
22,1.5,0.4,0
23,1.7,0.2,0
24,1.5,0.4,0
25,1.0,0.2,0
26,1.7,0.5,0
27,1.9,0.2,0
28,1.6,0.2,0
29,1.6,0.4,0
30,1.5,0.2,0
31,5.0,1.7,2
32,4.5,1.5,2
33,1.4,0.2,0
34,1.6,0.2,0
35,3.5,1.0,2
36,3.8,1.1,2
37,3.7,1.0,2
38,1.6,0.2,0
39,1.5,0.4,0
40,1.5,0.1,0
41,1.4,0.2,0
42,1.5,0.1,0
43,1.2,0.2,0
44,5.5,2.1,1
45,5.0,2.0,1
46,4.9,2.0,1
47,6.7,2.0,1
48,4.9,1.8,1
49,1.3,0.2,0
50,1.3,0.2,0
51,1.6,0.6,0
52,1.9,0.4,0
53,1.4,0.3,0
54,1.6,0.2,0
55,1.4,0.2,0
56,1.5,0.2,0
57,1.4,0.2,0
58,4.7,1.4,2
59,4.5,1.5,2
60,4.9,1.5,2
61,4.0,1.3,2
62,4.6,1.5,2
63,4.5,1.3,2
64,4.7,1.6,2
65,3.3,1.0,2
66,4.6,1.3,2
67,3.9,1.4,2
68,3.5,1.0,2
69,5.1,2.4,1
70,5.3,2.3,1
71,5.5,1.8,1
72,6.7,2.2,1
73,3.9,1.2,2
74,5.1,1.6,2
75,4.5,1.5,2
76,4.5,1.6,2
77,4.7,1.5,2
78,6.9,2.3,1
79,5.0,1.5,1
80,5.7,2.3,1
81,4.4,1.3,2
82,4.1,1.3,2
83,4.0,1.3,2
84,4.5,1.5,2
85,3.9,1.1,2
86,4.8,1.8,2
87,4.0,1.3,2
88,4.9,1.5,2
89,4.7,1.2,2
90,4.3,1.3,2
91,4.4,1.4,2
92,4.8,1.4,2
93,4.4,1.2,2
94,4.6,1.4,2
95,4.0,1.2,2
96,4.1,1.3,2
97,6.0,2.5,1
98,5.1,1.9,1
99,5.9,2.1,1
100,5.6,1.8,1
101,5.8,2.2,1
102,6.6,2.1,1
103,4.5,1.7,1
104,6.3,1.8,1
105,5.8,1.8,1
106,6.1,2.5,1
107,5.1,2.0,1
108,5.3,1.9,1
109,5.7,2.1,1
110,6.0,1.8,1
111,4.8,1.8,1
112,4.9,1.8,1
113,5.6,2.1,1
114,1.5,0.1,0
115,1.3,0.2,0
116,1.5,0.2,0
117,1.3,0.3,0
118,1.3,0.3,0
119,5.8,1.6,1
120,6.1,1.9,1
121,6.4,2.0,1
122,5.6,2.2,1
123,5.1,1.5,1
124,5.6,1.4,1
125,1.3,0.2,0
126,1.5,0.2,0
127,1.4,0.2,0
128,3.3,1.0,2
129,4.2,1.3,2
130,4.2,1.2,2
131,4.2,1.3,2
132,4.3,1.3,2
133,3.0,1.1,2
134,1.7,0.4,0
135,1.4,0.3,0
136,1.5,0.2,0
137,1.4,0.2,0
138,1.5,0.1,0
139,3.6,1.3,2
140,1.5,0.2,0
141,1.6,0.2,0
142,1.4,0.1,0
143,4.0,1.0,2
144,1.1,0.1,0
145,4.2,1.5,2
146,4.7,1.4,2
147,4.4,1.4,2
148,4.5,1.5,2
149,4.1,1.0,2
